1:
　　　 |  1.000 -0.030  0.008 | 
R = |  0.008 -0.001 -1.000 | 
    |  0.030  1.000 -0.001 | 

t = < 0.015, 0.000, -0.001 >


44:
    |  0.942  0.035 -0.334 | 
R = | -0.318 -0.223 -0.921 | 
    | -0.106  0.974 -0.199 | 

t = < -0.045, 0.156, -0.085 >


70:
    |  0.942 -0.075 -0.329 | 
R = | -0.321 -0.495 -0.807 | 
    | -0.102  0.866 -0.490 | 

t = < 0.007, 0.348, -0.061 >

111:
    |  0.984 -0.172 -0.049 | 
R = | -0.150 -0.641 -0.753 | 
    |  0.098  0.748 -0.656 | 

t = < 0.086, 0.578, -0.054 >


142:
    |  0.899 -0.088  0.428 | 
R = |  0.151 -0.857 -0.493 | 
    |  0.410  0.508 -0.757 | 

t = < 0.071, 0.733, 0.091 >



181:
    |  0.830 -0.307  0.466 | 
R = |  0.114 -0.725 -0.679 | 
    |  0.546  0.617 -0.567 | 

t = < 0.288, 0.514, -0.005 >

226:
    |  0.967 -0.252  0.028 | 
R = | -0.017 -0.174 -0.985 | 
    |  0.253  0.952 -0.173 | 

t = < 0.213, 0.039, -0.245 >


274:
    |  0.859  0.204  0.470 | 
R = |  0.457  0.108 -0.883 | 
    | -0.231  0.973 -0.000 | 

t = < -0.172, -0.062, -0.296 >


366:
    |  0.971  0.003  0.240 | 
R = |  0.057 -0.975 -0.216 | 
    |  0.233  0.224 -0.946 | 

t = < -0.005, 0.828, 0.266 >



454 
    |  0.985 -0.162  0.055 | 
R = | -0.002 -0.330 -0.944 | 
    |  0.171  0.930 -0.325 | 

t = < 0.113, 0.216, -0.175 >

